9 9 9 9 9 9 9 9 9 9 9 9 9 9 9 9 9 9 9 9
9 9 9 9 9 9 9 9 9 9 9 9 9 9 9 9 9 9 9 1
1 1 1 1 1 1 2 9 9 9 9 9 9 9 9 9 9 9 9 4
4 4 4 4 4 4 5 9 9 9 9 9 9 9 9 9 9 9 9 7
7 7 7 7 4 4 5 9 9 9 9 9 9 9 9 9 9 9 9 9
9 9 9 9 3 4 4 1 1 1 1 1 1 1 9 9 9 9 9 9
9 9 9 9 3 4 4 4 4 4 4 4 4 4 9 9 9 9 9 9
9 9 9 9 6 7 7 7 7 7 7 7 7 7 9 9 9 9 9 9
9 9 9 9 9 9 9 9 9 9 9 9 9 9 9 9 9 9 9 9
9 9 9 9 9 9 9 9 9 9 9 9 9 9 9 9 9 9 9 9
9 9 9 9 9 9 9 9 9 9 9 9 9 9 9 9 9 9 9 9
9 9 0 1 2 9 9 9 9 9 9 9 9 9 9 9 9 9 9 9
9 9 3 4 5 9 9 9 9 9 9 9 9 9 9 9 9 9 9 9
9 9 6 7 8 9 9 9 9 9 9 9 9 9 9 9 9 9 9 9
9 9 9 9 9 9 9 9 9 9 9 9 9 9 9 9 9 9 9 9
9 9 9 9 9 9 9 9 9 9 9 9 9 9 9 9 9 9 9 9
